2 36 6 3 3
216

		-0.5 -0.5 -0.5  0.0 0.0 1.0
		0.5 -0.5 -0.5  0.0 0.0 1.0
		0.5  0.5 -0.5  0.0 0.0 1.0
		0.5  0.5 -0.5  0.0 0.0 1.0
		-0.5  0.5 -0.5  0.0 0.0 1.0
		-0.5 -0.5 -0.5  0.0 0.0 1.0

		-0.5 -0.5  0.5  0.0 0.0 1.0
		0.5 -0.5  0.5  0.0 0.0 1.0
		0.5  0.5  0.5  0.0 0.0 1.0
		0.5  0.5  0.5  0.0 0.0 1.0
		-0.5  0.5  0.5  0.0 0.0 1.0
		-0.5 -0.5  0.5  0.0 0.0 1.0

		-0.5  0.5  0.5  0.0 0.0 1.0
		-0.5  0.5 -0.5  0.0 0.0 1.0
		-0.5 -0.5 -0.5  0.0 0.0 1.0
		-0.5 -0.5 -0.5  0.0 0.0 1.0
		-0.5 -0.5  0.5  0.0 0.0 1.0
		-0.5  0.5  0.5  0.0 0.0 1.0

		0.5  0.5  0.5  0.0 0.0 1.0
		0.5  0.5 -0.5  0.0 0.0 1.0
		0.5 -0.5 -0.5  0.0 0.0 1.0
		0.5 -0.5 -0.5  0.0 0.0 1.0
		0.5 -0.5  0.5  0.0 0.0 1.0
		0.5  0.5  0.5  0.0 0.0 1.0

		-0.5 -0.5 -0.5  0.0 0.0 1.0
		0.5 -0.5 -0.5  0.0 0.0 1.0
		0.5 -0.5  0.5  0.0 0.0 1.0
		0.5 -0.5  0.5  0.0 0.0 1.0
		-0.5 -0.5  0.5  0.0 0.0 1.0
		-0.5 -0.5 -0.5  0.0 0.0 1.0

		-0.5  0.5 -0.5  0.0 0.0 1.0
		0.5  0.5 -0.5  0.0 0.0 1.0
		0.5  0.5  0.5  0.0 0.0 1.0
		0.5  0.5  0.5  0.0 0.0 1.0
		-0.5  0.5  0.5  0.0 0.0 1.0
		-0.5  0.5 -0.5  0.0 0.0 1.0